Airpassengers:
24 step prediction
RNN:
Coverage: [1.0, 1.0, 1.0, 1.0, 1.0, 1.0, 1.0, 1.0, 1.0, 1.0, 1.0, 1.0, 1.0, 1.0, 1.0, 1.0, 1.0, 1.0, 1.0, 1.0, 1.0, 1.0, 1.0, 1.0]
Width: [0.22211560743077535, 0.22459002035070405, 0.22000845002903047, 0.23713798941606026, 0.24485260636777156, 0.2679823836218524, 0.3101873060853621, 0.3672038810746846, 0.43396523903417294, 0.45481578047992166, 0.4511551003079438, 0.4114224835378742, 0.38195058069940024, 0.366181478364806, 0.34782058124760395, 0.361077745944829, 0.38117317265745343, 0.40124687698216704, 0.4331343923005491, 0.5005481056199135, 0.5702504654319528, 0.6122781001200902, 0.594052639345296, 0.5455048739014211]

LSTM:
Coverage: [1.0, 1.0, 1.0, 1.0, 1.0, 1.0, 1.0, 1.0, 1.0, 1.0, 1.0, 1.0, 1.0, 0.75, 1.0, 1.0, 1.0, 1.0, 1.0, 1.0, 1.0, 1.0, 1.0, 1.0]
Width:[0.22677251270356574, 0.24108151123056118, 0.23847705852455486, 0.25953607762608844, 0.2743799070932082, 0.29008702560804756, 0.3292348511866369, 0.3915423567447821, 0.45926097038154706, 0.49518490114672725, 0.4935736304055496, 0.4464972199034989, 0.4377893583340343, 0.43300666330710097, 0.4254096999840129, 0.4419563877533037, 0.4554715006764365, 0.46615787419912524, 0.5086612790884145, 0.5702860707596867, 0.6597856266750117, 0.7180182532678534, 0.6900379556488165, 0.6252077444343122]

CNN:
Coverage: [1.0, 1.0, 1.0, 1.0, 1.0, 1.0, 1.0, 1.0, 1.0, 1.0, 1.0, 1.0, 1.0, 1.0, 1.0, 1.0, 1.0, 0.75, 1.0, 0.75, 1.0, 1.0, 1.0, 1.0]
Width: [0.22677251270356574, 0.24108151123056118, 0.23847705852455486, 0.25953607762608844, 0.2743799070932082, 0.29008702560804756, 0.3292348511866369, 0.3915423567447821, 0.45926097038154706, 0.49518490114672725, 0.4935736304055496, 0.4464972199034989, 0.4377893583340343, 0.43300666330710097, 0.4254096999840129, 0.4419563877533037, 0.4554715006764365, 0.46615787419912524, 0.5086612790884145, 0.5702860707596867, 0.6597856266750117, 0.7180182532678534, 0.6900379556488165, 0.6252077444343122]

12 step prediction
RNN:
[1. 1. 1. 1. 1. 1. 1. 1. 1. 1. 1. 1.]
[0.30856604, 0.33348608, 0.34480784, 0.35761435, 0.36795923, 0.38572399, 0.40541683, 0.4314129,  0.45370578, 0.46893439, 0.47209218, 0.46907946]
Cnn:


Oslo_data set:

Rnn:
MSE: [0.00308918 0.00341735 0.00350528 0.00350385 0.00356217 0.0036259 0.00351628 0.00358598 0.00355205 0.0036348  0.00370348 0.00388252 0.00392166 0.00402613 0.00407953 0.00411576 0.00404253 0.00395239 0.00406482 0.00396096 0.00374806 0.00358966 0.00351954 0.00362747]
Coverage_95_pi: [0.9712643678160919, 0.9540229885057471, 0.9597701149425287, 0.9597701149425287, 0.9597701149425287, 0.9540229885057471, 0.9597701149425287, 0.9655172413793104, 0.9597701149425287, 0.9655172413793104, 0.9655172413793104, 0.9597701149425287, 0.9712643678160919, 0.9597701149425287, 0.9597701149425287, 0.9597701149425287, 0.9597701149425287, 0.9597701149425287, 0.9597701149425287, 0.9597701149425287, 0.9712643678160919, 0.9712643678160919, 0.9712643678160919, 0.9655172413793104]
width_95_pi:[0.24852384894026103, 0.25385046390852484, 0.25549761655124215, 0.2547023513525216, 0.2555800695103978, 0.2548752936886748, 0.2569277971906934, 0.25658076737222546, 0.25693705212074136, 0.25670923402813517, 0.2574907688680666, 0.2583951471882906, 0.2597462013084285, 0.2603926112914415, 0.25995323496604505, 0.26050062084977227, 0.26056723400446363, 0.261028887132483, 0.2613071906899722, 0.26151647805353084, 0.26299222094441066, 0.26277783497480156, 0.2636840352212807, 0.26389842201840813]

LSTM:
Coverage_95_pi: [0.9137931034482759, 0.8850574712643678, 0.8793103448275862, 0.8793103448275862, 0.8850574712643678, 0.896551724137931, 0.8793103448275862, 0.8793103448275862, 0.8908045977011494, 0.8908045977011494, 0.9137931034482759, 0.8908045977011494, 0.8908045977011494, 0.8793103448275862, 0.8620689655172413, 0.8620689655172413, 0.8735632183908046, 0.867816091954023, 0.8620689655172413, 0.867816091954023, 0.8735632183908046, 0.8850574712643678, 0.8908045977011494, 0.8850574712643678]
width_95_pi: [0.25182357586372134, 0.25482505613400697, 0.25627934136848585, 0.25785711022839314, 0.2584348880710162, 0.25726465693140493, 0.257172366878041, 0.25762146109434053, 0.2583850267306268, 0.25983413785997167, 0.26030608253555754, 0.2601674148132546, 0.26045119170562503, 0.2617076695454627, 0.26346946657642545, 0.2639568019227776, 0.26379527078882303, 0.263117402689168, 0.26274221691709915, 0.2637219042461073, 0.2645530621998789, 0.2646758257961545, 0.26511239728926406, 0.26336710016800313]


CNN:
Coverage_95_pi: [0.9827586206896551, 0.9827586206896551, 0.9770114942528736, 0.9770114942528736, 0.9770114942528736, 0.9770114942528736, 0.9885057471264368, 0.9827586206896551, 0.9827586206896551, 0.9827586206896551, 0.9770114942528736, 0.9942528735632183, 0.9885057471264368, 0.9942528735632183, 0.9885057471264368, 0.9827586206896551, 0.9827586206896551, 0.9827586206896551, 0.9827586206896551, 0.9827586206896551, 0.9885057471264368, 0.9942528735632183, 0.9942528735632183, 0.9942528735632183]
width_95_pi: [0.3048361795626388, 0.3050296379368722, 0.30668712725478725, 0.30724011967927806, 0.30928172426896583, 0.31101126665141793, 0.31267639328095126, 0.3133205088890156, 0.31363652670543396, 0.31464424592034335, 0.3143702579299879, 0.3158178979066825, 0.3181580398344948, 0.31891643699727484, 0.32041875373827655, 0.32073822247295103, 0.32314793698792016, 0.3256879158164476, 0.32482008653506156, 0.3271963692544583, 0.3312319738063141, 0.32851794450039234, 0.32979937131180337, 0.33211108426198466]

ARIMA:

12 step prediction:
Coverage:
rnn_95_pi = [0.967741935483871, 0.956989247311828, 0.956989247311828, 0.9516129032258065, 0.956989247311828, 0.956989247311828, 0.9623655913978495, 0.9516129032258065, 0.956989247311828, 0.956989247311828, 0.9516129032258065, 0.9623655913978495]
lstm_95_pi = [0.9623655913978495, 0.9408602150537635, 0.9408602150537635, 0.9354838709677419, 0.9354838709677419, 0.9408602150537635, 0.9354838709677419, 0.946236559139785, 0.946236559139785, 0.946236559139785, 0.9301075268817204, 0.9193548387096774]
cnn_95_pi = [0.9838709677419355, 0.9838709677419355, 0.978494623655914, 0.9731182795698925, 0.9731182795698925, 0.967741935483871, 0.989247311827957, 0.9838709677419355, 0.989247311827957, 0.9838709677419355, 0.9838709677419355, 0.989247311827957]
arima_95_pi = [0.9516129032258065, 0.946236559139785, 0.9408602150537635, 0.946236559139785, 0.9408602150537635, 0.946236559139785, 0.946236559139785, 0.946236559139785, 0.946236559139785, 0.9516129032258065, 0.956989247311828, 0.9516129032258065]

Width:
rnn_95_pi = [0.26328817384077174, 0.26962033468149704, 0.269895397260394, 0.2695594113941714, 0.26889175381006303, 0.26831846686345234, 0.27038210932371803, 0.27145892976647856, 0.2721023222762875, 0.27202101443873894, 0.27374974651290035, 0.27491863128158467]
lstm_95_pi = [0.25537735642898973, 0.25804991031605196, 0.25914162938330887, 0.2601161906225513, 0.26063841790487957, 0.26027249923920165, 0.2603553139400568, 0.26104178851984383, 0.26131648178793726, 0.2620002718856935, 0.2634234326532865, 0.2634223428474266]
cnn_95_pi = [0.3026888380360767, 0.30223570603310107, 0.3042690935111819, 0.3048083197420292, 0.3063362659435997, 0.3077906720620716, 0.30983816432791883, 0.3098281486342798, 0.30996128657697203, 0.31046411787606987, 0.31073803166179526, 0.3118273091415065]
arima_95_pi = [0.2117154812248553, 0.22757092443833365, 0.23137632354325469, 0.23309514962064626, 0.2343129053254777, 0.23538395394884676, 0.23640658550753538, 0.2374109170661496, 0.23840654595774577, 0.23939659186793016, 0.240382099430837, 0.24136343223344614]

MSE:
rnn_mse = [0.00292803, 0.00321233, 0.00325175, 0.00338528, 0.00339375, 0.00343696, 0.00338748, 0.00337818, 0.00333371, 0.00327662, 0.00337425, 0.00349219]
lstm_mse = [0.0035632, 0.00436782, 0.00465195, 0.00480971, 0.00484582, 0.00469057, 0.00454697, 0.00436002, 0.00430212, 0.00438615, 0.0046761,  0.00511629]
cnn_mse = [0.00411009, 0.00412288, 0.00445392, 0.00440684, 0.00440694, 0.00442767, 0.00385172, 0.00388208, 0.00378085, 0.00380034, 0.00386425, 0.00410725]
arima_mse = [0.0027742791567949444, 0.003026922984758624, 0.003061867407057845, 0.0031879510825535374, 0.0031966817397663214, 0.003200164528171193, 0.003193787090664327, 0.003185740026879537, 0.0031785926262548185, 0.0032060380785219823, 0.0032500623985566427, 0.0033366141639839305]


RNN -Dropout_rate
0.1 = 